Set of points:
12 45 -30 83 
-99 19 75 3 
92 96 -66 32 
-37 6 40 58 
-49 -86 15 -34 
-33 17 -53 -94 
-66 86 94 -97 
31 56 -4 -33 
-87 -32 -98 -17 
69 82 -44 30 

Set of nearest points:
92 96 -66 32 
-66 86 94 -97 
69 82 -44 30 
-99 19 75 3 
-49 -86 15 -34 
-87 -32 -98 -17 
31 56 -4 -33 
12 45 -30 83 
-37 6 40 58 
-33 17 -53 -94 

Target Point:
1 2 3 4 
